seq,label
26 3 3 4 3 23 23 23 21 4 ,0
3 4 3 23 23 23 21 4 21 4 ,0
26 26 26 3 3 4 23 23 23 3 ,0
3 3 4 23 23 23 3 21 21 4 ,0
26 26 3 4 3 3 23 23 23 4 ,0
5 11 9 11 9 11 9 26 26 18 ,0
11 9 5 11 9 26 22 26 26 3 ,0
9 5 11 9 26 22 26 26 3 23 ,0
22 9 11 9 9 26 26 26 11 11 ,0
26 26 22 5 11 9 5 11 9 5 ,0
5 11 9 5 11 9 5 11 9 3 ,0
4 3 3 23 23 23 21 21 21 4 ,0
3 3 23 23 23 21 21 21 4 4 ,0
3 3 4 3 3 23 23 23 21 4 ,0
26 22 26 5 11 9 5 11 9 5 ,0
11 26 26 3 3 4 23 23 23 4 ,0
3 4 23 23 23 4 21 21 21 3 ,0
21 25 18 5 16 6 26 26 21 2 ,0
26 26 26 5 11 9 5 11 9 5 ,0
5 11 9 5 11 9 5 11 9 3 ,0
9 11 9 26 26 11 9 26 2 18 ,0
9 26 26 26 11 9 3 3 4 25 ,1
21 25 18 5 6 16 26 26 21 3 ,1
11 9 11 9 26 26 18 5 26 16 ,1
26 26 18 5 26 16 6 26 21 23 ,1
11 9 11 9 26 25 26 26 18 16 ,1
25 26 26 18 16 5 6 26 21 3 ,1
4 3 3 4 23 23 23 21 21 28 ,1
3 3 4 23 23 23 21 21 28 26 ,1
5 26 26 11 9 11 9 11 9 18 ,1
11 9 11 9 18 25 26 5 26 16 ,1
9 18 25 26 5 26 16 6 21 4 ,1
26 25 26 18 5 16 6 26 21 3 ,1
25 26 18 5 16 6 26 21 3 2 ,1
5 9 11 11 9 11 9 26 26 5 ,1
9 11 11 9 11 9 26 26 5 18 ,1
11 9 11 9 26 26 5 18 25 16 ,1
9 11 9 26 26 5 18 25 16 6 ,1
26 26 5 18 25 16 6 26 26 2 ,1
26 5 18 25 16 6 26 26 2 23 ,1
11 9 11 9 26 26 25 18 5 26 ,1
26 25 18 5 26 6 16 26 21 2 ,1
25 18 5 26 6 16 26 21 2 2 ,1
22 5 11 10 14 7 11 10 14 7 ,1
18 5 16 6 26 26 21 25 5 18 ,1
21 25 5 18 6 16 26 26 21 3 ,1
9 26 26 11 9 26 3 3 4 25 ,1
9 26 3 3 4 25 5 18 6 16 ,1
5 18 6 16 26 26 21 25 5 18 ,1
9 2 3 3 4 2 25 18 5 6 ,1
21 25 18 5 16 6 26 26 21 3 ,1
3 4 3 3 23 23 23 21 21 28 ,1
4 3 3 23 23 23 21 21 28 26 ,1
3 4 3 3 23 23 23 21 21 28 ,1
4 3 3 23 23 23 21 21 28 26 ,1
9 26 26 26 11 9 3 4 3 25 ,1
11 9 11 9 25 26 26 26 5 18 ,1
9 26 26 26 11 9 3 4 3 25 ,1
26 26 11 9 3 4 3 25 18 17 ,1
9 3 4 3 25 18 17 25 5 18 ,1
3 4 3 25 18 17 25 5 18 16 ,1
5 18 16 6 26 26 21 25 5 18 ,1
21 25 5 18 6 16 26 26 21 3 ,1
22 11 9 11 9 11 9 28 26 28 ,1
11 9 11 9 28 26 28 26 28 26 ,1
11 9 26 26 11 9 25 26 5 18 ,1
9 26 26 26 11 9 3 4 3 25 ,1
11 9 3 4 3 25 5 18 16 6 ,1
21 25 18 5 6 16 26 26 21 3 ,1
9 11 9 26 3 3 4 25 5 18 ,1
9 26 3 3 4 25 5 18 6 16 ,1
3 4 3 3 23 23 23 21 21 28 ,1
4 3 3 23 23 23 21 21 28 26 ,1
26 4 3 4 23 23 23 21 21 28 ,1
4 3 4 23 23 23 21 21 28 26 ,1
13 13 9 13 11 9 26 26 11 11 ,1
5 11 9 11 9 11 9 26 26 18 ,1
26 26 18 25 5 6 16 26 26 2 ,1
11 9 11 9 26 26 3 3 4 25 ,1
9 26 26 3 3 4 25 18 5 6 ,1
21 25 18 5 16 6 26 26 21 3 ,1
